ID	adj.P.Val	P.Value	t	B	logFC
TUBA3E	3.04291965415099e-43	8.04026754254344e-48	-21.3859495052592	97.8222284961457	-2.15243780754707
CDC42EP4	2.22557211475643e-41	1.17612012617261e-45	-20.4677719517692	92.8539026394854	-1.15861048253264
TUBA3C	2.66981364106802e-41	2.11632429403479e-45	-20.3608530568101	92.5278974259369	-2.02466518477911
CEBPD	3.18888595006562e-41	3.37038096503263e-45	-20.276344509845	91.8458685164492	-2.25963377750235
ZFP36	1.15795869945676e-40	1.5298297038746e-44	-20.0027465212138	90.3933873885126	-2.19307400534376
TUBA3D	1.38141548376905e-40	2.19005784035679e-44	-19.9381050257148	89.9994441306205	-2.16718619957683
RASD1	6.84208799192053e-40	1.26551328921005e-43	-19.6233982742642	88.4062437414221	-3.51942854154444
SERPINA3	6.34165529243443e-38	1.34051795009976e-41	-18.7973329873529	83.7898709182623	-3.52789151727882
MT1M	7.89364741027319e-38	1.87715549047346e-41	-18.7382497779859	83.6208189184474	-2.23214954298552
FCN3	1.55875482311442e-37	4.11867786057818e-41	-18.6006525307205	82.7229491580742	-2.0217653652004
AXUD1	5.62613791544614e-37	1.78390463946926e-40	-18.345025914987	81.2696124317479	-2.07505940933227
MYH6	5.62613791544614e-37	1.65308267772048e-40	-18.3582741669312	81.1953297655684	-1.83130025382906
CD163	1.10604509773243e-36	3.79923539357439e-40	-18.2137197436314	80.607579512433	-2.11647085429264
S100A9	4.1834721493577e-36	1.65809021403492e-39	-17.9588128302768	79.1244292223627	-2.87442469284553
MAP3K6	7.51770122877077e-36	3.17822807325298e-39	-17.846666903937	78.4129690563039	-1.12079939056347
FPR1	1.43654179065744e-35	6.45278508724212e-39	-17.724890436366	77.9450964834899	-1.35293166524368
YPEL2	1.74785437005846e-35	8.38981319456627e-39	17.6798258505393	77.5539548865694	1.08704262435486
LYVE1	1.74785437005846e-35	8.7748330156716e-39	-17.6721271022495	77.5271785025294	-1.84473754609394
PIK3IP1	2.49413510142097e-34	1.38394644426995e-37	17.201070210504	74.794154519068	1.36400481157559
S1PR3	4.78206958764447e-34	2.77983223929024e-37	-17.0826259756794	74.1217515482628	-1.00501761576239
JAK2	7.72095392703835e-34	4.89623458883159e-37	16.9866847610092	73.5848674611819	1.20206081002304
C1R	4.50835393434906e-33	2.97809143261445e-36	-16.681819063879	71.8394324577637	-1.19468569051974
FCER1G	5.60772741282306e-33	4.00065106342077e-36	-16.6321338598443	71.4925345612058	-1.47795567812807
PROS1	5.38497362329648e-33	3.69944813733838e-36	16.645304954936	71.4591026425157	1.53107207686728
FKBP5	1.0951592051452e-32	8.3572410816611e-36	-16.5083237390166	70.7004473032491	-1.91016003161994
C7ORF41	1.0951592051452e-32	8.39180281911188e-36	16.5076308807522	70.6808653474452	1.3472528962354
MYC	1.39732417782445e-32	1.10763952160687e-35	-16.4610521351372	70.5035422921234	-1.48465928993832
SLCO4A1	4.10108476223395e-32	3.46759795992936e-35	-16.2699288970817	69.4280573320031	-1.00147640067485
CTSC	5.437057462804e-32	4.7408681570716e-35	-16.2176591751956	69.1147651636998	-1.24663347003963
ZDHHC9	7.23005381193454e-32	6.49531864941538e-35	-16.1650841660125	68.7579319773622	-1.0004834755733
MT1X	1.27670034307752e-31	1.21442721425753e-34	-16.0607291578412	68.0328984106913	-2.30830159588302
MAFB	1.38126957371479e-31	1.35039301980255e-34	-16.0430497065442	68.001249459752	-1.31761850664386
SCN2B	1.43811615915768e-31	1.4439680295934e-34	16.0318906831337	67.9877657056507	1.28343233734334
S100A8	8.53451256366878e-31	8.7947468684427e-34	-15.7317177432249	66.1493806771799	-2.61131518780842
HS.177532	4.76577238500545e-30	5.28886646330468e-33	15.4350341735897	64.4186221561959	1.05693876340933
SMOC2	5.25258597400277e-30	5.96790141315117e-33	15.415105720435	64.2648281649599	1.50314910042037
TIPARP	1.10064741912483e-29	1.30870194632504e-32	-15.2856973158032	63.4659946109568	-1.26995210015981
C14ORF132	1.83608712527248e-29	2.28019063805439e-32	15.1943378440063	63.0070297212879	1.29157949346964
LOC653888	1.9037542211723e-29	2.41452736395578e-32	-15.1849251580111	62.9216839537448	-1.19609707695171
IRX6	1.62118300372313e-28	2.35599707247191e-31	14.8113135276886	60.6666047987443	1.39442220411146
STAT3	2.18960891002196e-28	3.29777804447634e-31	-14.7563143344309	60.2852302438523	-1.07869565504098
CHRDL2	3.56523868861948e-28	5.81901375648865e-31	-14.6635226361873	59.7926420728793	-1.16348367306804
MT1A	9.55850100657206e-28	1.64165979344497e-30	-14.4943172857825	58.6809010139034	-1.47836583925961
IFITM2	9.85513707353944e-28	1.71864674431539e-30	-14.4868482696814	58.6260162822212	-1.15357928255681
LCP1	1.65232255117904e-27	2.96881925382272e-30	-14.3978108889637	58.1407370797561	-1.38274607118428
PIM1	1.77187131068477e-27	3.277254974051e-30	-14.3817205131246	58.0707078808628	-1.37327071346384
ACE2	1.77187131068477e-27	3.26787106723865e-30	14.3821872624227	58.0685040512707	1.83692710486673
ITGB2	2.33663409477743e-27	4.50706254079036e-30	-14.329868885838	57.7180580621544	-1.38245964713012
LMOD2	2.51803657455313e-27	4.92349803194344e-30	14.3154931923285	57.6443151361702	1.30347651120688
XLKD1	2.68499292659824e-27	5.32089175857073e-30	-14.302868359732	57.6049314262339	-1.14241976969794
FRZB	3.02231346795803e-27	6.06922326176637e-30	14.2814697586783	57.4526715717583	1.40716621418046
BTG2	3.72706006087073e-27	7.68141110679905e-30	-14.2431740312913	57.1977934301106	-1.48432682424171
HCLS1	5.21942315292452e-27	1.08950596914083e-29	-14.1863850821254	56.8633891509453	-1.09010281980208
F13A1	8.00328759415823e-27	1.73405269439564e-29	-14.1109242475783	56.42393813337	-1.58086337519636
IFITM3	9.66446008698382e-27	2.17058370077056e-29	-14.0744862433388	56.1368180544445	-1.12275332865833
CHST7	2.15272223099998e-26	5.11929928631819e-29	-13.9353628972608	55.3256189287509	-1.04585724640163
PRICKLE1	2.84598714015674e-26	7.06872037136643e-29	13.8830919000521	55.0120787390781	1.05531437012117
IRX2	3.803169881129e-26	9.74759494978367e-29	13.8310593087762	54.7036966649877	1.00081598994036
C1ORF162	6.60913723959544e-26	1.78125032616058e-28	-13.733502581545	54.1091854200587	-1.02265294110132
MT2A	7.699251721339e-26	2.19711247134337e-28	-13.6995674258964	53.8706804076337	-1.67812643482406
MGC42367	1.27990434547749e-25	3.720062305198e-28	-13.6144430685401	53.3927457196825	-1.00435265764349
TKT	1.40644899650717e-25	4.16219118556263e-28	-13.5962969610249	53.279260977603	-1.01755699532039
RGS4	1.98379257481592e-25	5.97559460785855e-28	13.537878430916	52.9235191406616	1.2132472421535
C5ORF23	2.75669593853112e-25	8.37657963671402e-28	13.4833412630682	52.5934902151037	1.25721884112325
C1QC	2.85552357524281e-25	8.7523314148963e-28	-13.4762575095953	52.5391196188974	-1.31239201251898
LAPTM5	3.15974743407512e-25	9.85177290125414e-28	-13.4571567029548	52.4357554341117	-1.12615447905609
PLCE1	3.24281151390829e-25	1.02687967132069e-27	13.4504651760466	52.3948538925362	1.04233407565185
C1QB	6.67640010046029e-25	2.27568465084653e-27	-13.322086570623	51.594830438661	-1.45492170458034
HAVCR2	7.45979040968832e-25	2.56241809771041e-27	-13.3029508397561	51.4875078020329	-1.02718160350031
CD14	8.985195290246e-25	3.15761500185678e-27	-13.2692766056244	51.2546397236162	-1.33756666153015
LOC653879	2.17557147541186e-24	7.99039357084627e-27	-13.119673265326	50.3665371196495	-1.14999604241485
ALOX5AP	2.37753512773582e-24	8.92062538018515e-27	-13.1019361469253	50.249954462146	-1.3576223770638
LRRC49	2.42281071906374e-24	9.15451917841028e-27	13.0977678451956	50.2053735898284	1.11448017967657
SRGN	2.59673268729862e-24	9.95867312270886e-27	-13.0842084489406	50.1330947687225	-1.1809503217596
M6PRBP1	2.66317953260917e-24	1.04849587897999e-26	-13.0759154254877	50.0762307066962	-1.08503340441349
RASL11B	2.80494310111771e-24	1.11171977267784e-26	13.0664869393477	50.0279592942501	1.75641391393497
CENPA	3.64327329997494e-24	1.47286586401777e-26	13.0211953955142	49.7288991012985	1.690227270144
NFKBIA	4.04501249028936e-24	1.64596502537801e-26	-13.0033075776241	49.6264017231329	-1.01001097773209
COL21A1	1.60067661742039e-23	7.13602967775911e-26	12.7673036809664	48.1924225909286	1.07342235739637
METTL7B	1.86997459608593e-23	8.44912688079834e-26	-12.7401412346093	48.0278239509407	-1.3393484234976
OSR1	4.379213770786e-23	2.07123411977671e-25	-12.595982530551	47.1422899656508	-1.05925197264872
RARRES1	6.87479689395535e-23	3.36055970348713e-25	-12.5181968358496	46.6522156338784	-1.33571078418838
SGK	7.90735503888326e-23	3.92797851109774e-25	-12.4931233348238	46.5112389752447	-1.32980301207986
GATM	1.05221407738802e-22	5.42149091292777e-25	12.4413387427075	46.1964744766485	1.17783276632141
SFRP1	1.76850482254722e-22	9.34579518336004e-25	12.3538376876495	45.6608795803669	1.74698934358873
PLTP	4.97930383234108e-22	2.73660412494569e-24	-12.1812198066354	44.6027871749615	-1.02804867617356
SLC7A1	6.29622425974214e-22	3.49365083376275e-24	-12.1419803441056	44.3618184273221	-1.09506656619315
C1QTNF1	6.68058406320757e-22	3.74222856153888e-24	-12.1309369889672	44.2932567354581	-1.28002864919794
ELL2	1.08576162405229e-21	6.34070964510885e-24	-12.0462124721177	43.7668574400778	-1.12302696479929
DUSP1	1.15043113266427e-21	6.77868579464494e-24	-12.0354802182177	43.7015392404223	-1.48136959054261
DDIT4	2.33029044934287e-21	1.46543657703219e-23	-11.911590934894	42.9454723613167	-1.27682441382779
PDIA3P	2.40736443549759e-21	1.52662755514301e-23	-11.9050164539957	42.8878465808875	-1.06452520271144
TYROBP	4.41673110241494e-21	2.89422743063707e-23	-11.8022014912119	42.2764068898455	-1.11343714529657
SH3BGRL3	6.97978911231052e-21	4.70286483020447e-23	-11.7241529493692	41.7974393827325	-1.05847253601929
ATP1A2	1.08121691165544e-20	7.4564713296536e-23	11.6500313499338	41.3435296855012	1.30773163653267
PLEKHF1	1.14196537813338e-20	7.90558920548927e-23	-11.6406241330577	41.2856433840565	-1.13348437871963
ECGF1	1.32056882323813e-20	9.31648987487661e-23	-11.6142095838139	41.123109045042	-1.2505129624583
ARPC3	3.44253418214272e-20	2.51054123096599e-22	-11.4546896820403	40.1467289139267	-1.377201772646
SERPINH1	4.25502792437112e-20	3.18177060349053e-22	-11.4165420620182	39.9082594147699	-1.13287479307761
C19ORF10	4.54936391567212e-20	3.41388614926513e-22	-11.4052038050003	39.8277850697308	-1.25852290479704
SERPINE1	8.85264188525171e-20	7.11093149372859e-22	-11.287000616718	39.1014074926825	-2.00489290083076
LOC285556	9.18316345869772e-20	7.424953808491e-22	-11.2800366875901	39.0414013373036	-1.71830553721817
HOPX	1.30063778878344e-19	1.09285741381687e-21	-11.2177305701956	38.6717571898149	-1.51274509389663
LUM	1.70197902026248e-19	1.47505448038391e-21	11.169369814237	38.403047103898	1.16491723940749
LOC201140	1.86351512386372e-19	1.62490089012056e-21	-11.1537641070177	38.2688642008782	-1.47880334247385
LOC387763	2.15863262622573e-19	1.89934118409651e-21	-11.1285881397378	38.1480457953006	-1.04526296971586
THBS4	2.5139245636739e-19	2.23852607397903e-21	11.1020756787917	37.9930855380551	1.33653215109837
HFE2	4.94477707986637e-19	4.62519443606377e-21	10.9849076141082	37.2720482836552	1.29720851079583
HSPA2	6.8219315102508e-19	6.45312973806951e-21	10.9310935149099	36.9384963303439	1.39680879069261
HS.576694	1.07495355151001e-18	1.04808397322622e-20	10.852678176983	36.4618064429814	1.58487901681885
PLA2G2A	1.19552789616821e-18	1.18459800523986e-20	-10.8328712732144	36.2877712355176	-1.34702264064483
FBXO32	1.40516539641487e-18	1.40345748518951e-20	10.8054388571512	36.183634041693	1.06742524372777
NBPF20	1.81780530190091e-18	1.84441482833047e-20	-10.7612113742293	35.8985852198223	-1.03770174014032
AGXT2L1	2.67063109624937e-18	2.73795081473539e-20	-10.6972243621748	35.468054027484	-1.18287228273635
DARC	5.15036323329493e-18	5.56597411197386e-20	-10.5821863100158	34.7991830106071	-1.02791252962214
FCN1	9.50221954690728e-18	1.06707269128457e-19	-10.4765035610695	34.1454783264858	-1.26697337250101
TM7SF2	1.01296946468382e-17	1.14288950330283e-19	10.465348677862	34.1174930181104	1.07697098014082
IER3	1.09843581603194e-17	1.2509270113348e-19	10.4506671158891	34.0186363989309	1.22467279057913
CA3	1.08531926984764e-17	1.23312182538309e-19	10.4529974891731	33.8340035631175	1.33884205000158
PROM1	3.9653392355366e-17	4.86159014239017e-19	10.2296300556549	32.667345221503	1.17376052977296
SLITRK4	6.34145280772541e-17	8.09311870774024e-19	10.1464410210665	32.0940357390359	1.25817266108242
ISG20	9.78391723530304e-17	1.28742556232651e-18	-10.0705628114168	31.7006274058357	-1.07918193691595
TAF15	1.1344114967425e-16	1.5017179090736e-18	10.0453734479257	31.5773587879176	1.03932631533743
SNCA	1.26018683204575e-16	1.68486639807417e-18	10.0265387507119	31.4159671433574	1.00028286971076
PDK4	1.63589901512571e-16	2.24770778382225e-18	-9.97933532467708	31.1922042132755	-1.95937586013862
MLLT11	3.02038939652721e-16	4.39532821574402e-18	9.8693353569754	30.5304671408732	1.13115279436403
CLIC6	4.62914565421532e-16	6.93527872414544e-18	9.79438595104431	30.0673787933628	1.37745641680699
ADFP	7.53027898888917e-16	1.16000439954616e-17	-9.70970968752806	29.5730917186867	-1.11580796525442
CCL2	9.03911531605609e-16	1.40676397007796e-17	-9.67791950544281	29.3709015038814	-1.39705448614667
LMCD1	1.01452998061262e-15	1.59500432929373e-17	-9.6572072508575	29.2588763209089	-1.39244963719479
FAM46B	1.00312026222728e-15	1.57441588480421e-17	-9.65935045647607	29.250161467607	-1.05502433725761
CFD	1.0566261962813e-15	1.66397826186032e-17	-9.65022287665778	29.2247353500626	-1.40235028183696
APOLD1	2.2209953291068e-15	3.72063372259608e-17	-9.51724722358436	28.4142848400819	-1.48037988157302
FMOD	2.81388007613109e-15	4.85510672122179e-17	9.47317243761696	28.0860490254579	1.07478737951187
GADD45G	7.48599591814688e-15	1.3865885796705e-16	-9.29889086781673	27.1329177613163	-1.17093092665824
NPTX2	7.43420936379322e-15	1.37503211823053e-16	-9.30028405461246	27.0241924846387	-1.03553941346281
TPM3	1.15409723822358e-14	2.21085583076704e-16	9.22114495585935	26.6017370144094	1.30128826042748
SNF1LK	1.23203804115408e-14	2.3699299634312e-16	-9.209551632214	26.4994693793958	-1.01651706771043
APOA1	4.03910431885404e-14	8.62335858382408e-16	8.99330805783384	25.317706659705	1.61800648558147
STS-1	5.71308287961508e-14	1.26350218523432e-15	-8.92907470225258	24.851700861836	-1.02043536028402
SPP1	2.70583233367651e-13	6.62654597747407e-15	-8.64879445724393	23.242311216214	-1.09167363814496
SH3GL2	3.41247470366148e-13	8.55688446275628e-15	8.60530597832117	23.036853844636	1.01397418934725
ITGA5	8.08269500632224e-13	2.15490124752395e-14	-8.44759254172761	22.1614999936566	-1.02012100304668
HAMP	8.29027366699373e-12	2.61549087311486e-13	-8.01608330129269	19.5025059586691	-1.01750955475757
C21ORF7	1.67039597966546e-11	5.51266865349615e-13	7.88553458374243	18.9068972379158	1.32812839527595
CDKN1A	2.04697126479985e-11	6.87443977582998e-13	-7.84671938963946	18.7414599390834	-1.07843410408194
MXRA5	4.26585417152373e-11	1.49236139171839e-12	7.70981869042672	18.0134486717216	1.04319218024175
LOC100008589	5.18412493908233e-11	1.83415507409799e-12	7.67323007336632	17.83094403112	1.41789094472469
FOS	2.80349211170927e-10	1.10521857809814e-11	-7.35137791282015	15.9829172785358	-1.41501561787209
COMP	3.16868216497535e-10	1.26090877251305e-11	7.32752137280793	15.5955623726413	1.04386324811497
LOC652097	4.79110803752273e-10	1.95968800985182e-11	7.24744535665181	15.4675366006195	1.08361688837604
TIMP1	6.84716339198541e-10	2.86760925231118e-11	-7.17798788329285	15.1455928644515	-1.00333773594274
CORIN	4.51172695114302e-09	2.17563327322201e-10	-6.80276485214917	13.1089021302197	-1.55383588552241
LEPREL1	3.84699301881334e-08	2.16714821014375e-09	6.36419493215665	10.8255030852268	1.00661161119182
NPPA	0.0145076933446697	0.00251544373851192	3.07226343812713	-2.41962318737948	1.00464576078088
